16 64
1
5
9
13
17
21
25
29
33
37
41
45
49
53
57
61
65
3
7
11
15
3
9
10
13
9
12
15
16
5
6
10
16
5
8
9
15
2
5
12
15
4
5
15
16
5
7
12
15
3
5
9
12
1
2
4
16
7
9
11
13
8
9
11
12
2
4
8
11
3
8
11
13
8
9
11
14
8
11
13
15
0.396439642241
0.730294293208
0.638752382899
0.746232106886
0.601643800448
0.0321873967232
0.0508793928498
0.695871571318
0.65370863408
0.721738790995
0.259720612462
0.959939036487
0.227078962087
0.0556526750347
0.872643628318
0.416407279283
0.713446498103
0.162543634598
0.202410317192
0.961956655099
0.125422240142
0.251792241974
0.632101064237
0.81890230998
0.830399150416
0.870321890715
0.891206098691
0.819100172814
0.204873088318
0.590191560699
0.131305810016
0.729711841999
0.553189764348
0.869086019039
0.0399948016705
0.759187660367
0.941791387376
0.4427756807
0.905821094129
0.17366442514
0.362341718785
0.135703665936
0.409450640903
0.845051051517
0.263037549864
0.140606395587
0.340602099598
0.973953506366
0.730929868807
0.987365947007
0.509022334938
0.161441309282
0.0730688508762
0.925845452063
0.307148657637
0.645440788842
0.629328646698
0.357221002976
0.752889762787
0.200189043826
0.731156484657
0.543890637989
0.808199494678
0.820698417396
